2.89062 1.0127
2.38281 1.61133
2.03906 1.8125
3.02148 1.47852
1.93066 1.65723
3.26562 1.18457
2.08008 1.66797
2.82617 1.35352
1.87891 2.50391
2.00391 1.67773
1.94141 2.35938
2.55469 1.39648
2.25195 1.90332
2.02148 2.31641
2.46875 1.54102
1.23047 3.25586
1.75293 1.88867
1.79004 1.89941
2.39844 1.82422
1.49316 2.44727
1.59961 2.56445
1.00293 3.19727
2.83984 1.06152
2.83984 1.02246
1.28223 2.71484
2.75977 1.10645
2.02344 1.66992
1.08301 2.9043
1.30566 2.375
2.23828 1.81055
2.16797 2.05273
2.6543 1.08984
2.06055 1.82129
2.07227 1.67285
1.01074 3.21094
1.72852 2.26953
1.11426 2.76758
1.21191 2.86133
1.67969 2.30078
1.64551 2.4375
2.80273 1.04395
3.1875 1.03516
2.40625 1.75098
2.4668 1.80273
1.37402 2.92383
2.33789 1.81738
1.01367 2.85156
1.1709 2.83984
1.54004 2.08594
2.97656 1.44727
2.32227 1.37109
1.34668 2.42773
2.32031 1.85352
1.38477 2.72852
1.94629 1.96094
2.8457 1.12305
2.61328 1.40918
2.44336 1.46582
1.47363 2.62891
2.17188 1.87793
3.30078 1.09277
1.54785 2.5332
1.25977 2.71875
1.20215 2.3457
2.48438 1.17871
1.70996 2.35156
2.32227 1.41797
2.63281 1.00586
2.30078 1.83887
1.5 2.5332
1.82324 2.07031
2.69727 1.51855
2.08008 1.94824
2.83789 1.15527
1.80371 1.89551
1.50977 2.46289
1.94238 2.19531
1.20703 2.66211
1.16699 2.40039
2.55664 1.14258
1.35742 2.47656
1.31934 2.72461
1.13184 2.66406
2.87695 1.28418
1.8125 1.8584
1.9502 1.65527
2.01758 2.28906
1.28418 2.79883
2.07227 1.98242
1.78027 2.25195
2.01953 2.21289
3.26562 1.01074
1.38477 2.62695
2.30664 1.91895
1.41113 2.31641
2.35352 1.66113
1.30566 2.5
2.21484 1.72656
1.53223 2.41406
2.39062 1.85352
3.0918 1.24121
2.41016 1.83203
1.36621 2.1875
1.96289 2.20117
1.71484 1.85156
2.07422 2.16992
2.15039 1.79102
1.40918 2.97461
1.66699 2.19727
2.74609 1.45215
2.48047 1.49316
2.08789 1.47559
1.70508 2.08203
1.46289 2.67578
1.85645 2.05469
2.99609 1.16406
1.22559 2.81641
1.44238 2.71875
2.07422 1.98828
2.33203 1.24121
3.07031 1.29199
2.0332 2.11914
2.625 1.44531
2.02734 2.38086
2.29297 1.86328
1.52148 2.38477
2.80664 1.3916
1.40332 2.85352
2.2793 2.00977
1.7207 2.16211
1.52344 2.66211
1.83496 2.36133
1.30859 2.64062
2.38672 1.37891
2.22461 1.66016
3.08398 1.38379
2.36133 1.99902
2.00391 2.07227
1.37598 2.91797
1.05469 2.89648
1.08496 3.32227
1.91895 2.05078
1.72754 2.56641
2.57422 1.48438
2.125 1.89551
1.97559 1.87207
2.39258 1.41406
2.40039 1.5332
1.0293 2.97656
2.63867 1.38086
2.13867 2.10352
1.88574 1.89551
2.90234 1.19043
2.51367 1.42676
2.125 1.83496
2.27344 1.72168
1.86719 2.34766
2.72266 1.29688
2.56641 1.53418
1.75098 2.30078
2.40234 1.97949
1.99902 1.94043
1.99707 2.45703
2.13672 2.07031
1.77441 2.4668
2.5 1.1875
1.7627 2.12891
2.22852 1.78516
2.6875 1.4375
1.55469 2.88281
2.8418 1.02246
2.5957 1.23145
2.48633 1.14062
2.29102 1.77344
2.50586 1.71484
2.54297 1.83008
2.67969 1.70312
3.13281 1.11426
1.15918 3.03125
2.34375 1.45801
2.61523 1.54297
3.14062 1.28223
2.92383 1.06641
1.3877 2.58203
3.11328 1.05762
2.77148 1.26172
2.20312 2.15625
1.76172 2.13086
1.81738 1.81348
2.21289 1.78125
1.03125 3.125
2.4668 1.4873
2.15039 2.05078
3.12305 1.05664
1.85254 1.79785
1.16211 2.85547
1.55859 2.72656
1.2998 2.70508
3.19141 1.16992
1.18945 2.74023
1.32031 2.46289
2.64648 1.08887
2.65039 1.05664
2.29492 1.56836
2.77148 1.73633
2.64062 1.13574
2.54102 1.38672
2.70898 1.53027
1.49805 2.17383
1.8252 2.60547
3.12109 1.05469
2.83203 1.2207
1.56836 2.125
2.49609 1.60059
2.22461 1.68262
2.94727 1.06641
2.08594 1.77539
1.48633 2.36523
1.56055 2.12891
1.12305 2.66211
1.06836 3.45312
1.84961 2.17188
2.96094 1.16699
1.0127 3.25781
2.38086 1.93164
2.56055 1.46582
2.24805 1.80762
1.01172 3.01562
2.51758 1.34375
2.24805 1.76855
1.74707 2.1582
3.29883 1.00391
2.91992 1.34277
2.18164 1.66504
1.13086 2.87695
2.00195 1.88574
1.01855 3.18164
1.20801 2.37305
1.92285 1.70508
1.76465 2.62109
1.53027 2.44727
1.4248 3
1.41211 3.00391
2.38477 1.63184
1.95996 2.09375
1.0752 2.64453
2.10547 2.08008
1.67676 2.4668
2.49219 1.5957
2.13867 1.68164
2.32812 1.90723
1.99902 1.90332
2.35352 1.84082
1.50488 2.55859
2.61914 1.25684
1.87598 2.13672
1.02539 3.30078
1.89062 2.55859
1.1084 3.04297
2.87305 1.11426
2.17383 2.10938
1.13477 2.58203
1.79883 1.9043
2.12305 1.83301
1.74805 1.80078
2.54883 1.40039
1.67285 2.13672
1.60547 2.57227
2.98047 1.47949
2.98438 1.15723
1.8623 2.34375
2.42383 1.54004
1.70117 2.16797
2.30078 1.68555
2.75195 1.34863
2.1582 1.66016
2.38086 1.94629
2.34766 1.84863
2.05859 1.76367
2.99805 1.10938
1.74316 2.17578
2.10742 2.00977
1.69336 2.24219
2.08008 2.05664
1.78223 2.26367
2.53906 1.54883
1.8623 1.95996
1.91504 1.77637
2.00391 1.88574
1.46875 2.4668
2.96094 1.1875
1.37109 2.78516
2.41016 1.56641
2.83984 1.12109
1.57812 2.62695
2.74805 1.3252
2.25977 1.74219
1.47266 2.41016
2.22852 1.33105
2.51562 1.43066
1.16699 3.02148
2.00195 1.88574
1.25684 3.25781
2.59961 1.83887
1.66797 2.55078
1.50684 2.48633
2.77344 1.65625
1.96289 2.32227
2.31641 1.36621
1.89258 2.22266
2.80273 1.33105
1.54492 2.33203
1.24219 2.73633
1.61621 2.25977
1.32324 2.41602
2.83203 1.25195
3.22266 1.27148
2.2793 1.27246
2.61914 1.62207
2.22852 1.73535
2.0625 2.10156
1.18262 3.14844
1.3584 2.35742
1.17676 2.89648
2.84766 1.30566
1.61621 2.5
2.93555 1.27441
1.30664 2.93359
1.5293 2.70898
1.8457 2.10352
1.69922 2.42383
2.8125 1.25293
1.18945 2.87305
1.87305 2.12305
1.52832 2.58203
2.51953 1.57324
1.22266 2.60742
2.26562 1.82324
2.00781 1.88672
2.87891 1.125
2.23633 1.80078
3.16211 1.02344
2.375 1.34375
2.36523 1.76074
1.57324 2.55078
2.15039 1.57031
2.43945 1.45605
1.33398 2.80664
1.32129 2.43945
3.0918 1.13086
3.15625 1.11426
1.19531 3.09961
1.9873 2.16406
2.91992 1.25684
2.23633 1.74609
2.58008 1.51172
2.38672 1.55566
1.10449 2.69336
2.39062 1.51172
2.30078 1.95605
2.43555 1.54395
2.78516 1.30859
2.17383 2.10547
2.01367 1.81348
2.72852 1.19434
1.1543 2.97656
1.99805 2.10742
2.5625 1.57422
1.86035 2.34961
1.42969 2.28711
2.22266 1.94336
1.07129 3.25391
2.24219 1.9707
2.69141 1.16602
1.98828 2.17188
2.73828 1.3877
2.29688 1.68457
1.31641 2.68945
1.72656 2.17578
1.91113 2.00977
2.96289 1.14453
2.43555 1.49805
1.08789 3.05664
3.42578 1.05859
1.69531 2.22461
1.70996 1.96191
1.58105 2.17188
2.00781 2.11914
2.05664 1.72852
1.56836 2.12305
2.42383 1.81152
1.27832 3.10156
2.14648 1.75098
2.14062 2.15039
2.36328 1.56445
1.86523 2.3457
1.66309 2.4668
1.0293 3.01172
1.12598 3.37305
3.03711 1.40625
2.37305 1.85254
2.29102 2.08008
1.81738 1.99219
1.47363 2.67188
1.34375 2.6582
2.56055 1.45898
1.07422 2.86133
2.65039 1.49023
2.33984 2.17578
1.0957 2.72656
1.82031 1.73047
2.64453 1.48926
1.43066 2.60352
2.49609 1.89355
2.1875 1.62988
2.9043 1.30566
1.41895 2.82617
1.44922 2.45117
2.91211 1.44238
1.96875 2.07031
1.51172 2.73438
2.72656 1.31934
2.33203 1.68359
2.2832 1.67969
2.35938 1.66699
1.00586 3.02539
2.68945 1.2627
2.12891 1.94531
2.08203 1.8584
2.14648 1.88184
1.79199 2.19727
1.35742 2.52539
1.93457 2.4082
2.42188 1.30469
2.0918 1.61523
1.88477 2.0918
2.2793 1.60059
2.25391 1.92578
2.00391 1.91211
1.8252 1.90527
2.81445 1.25488
1.61133 2.57031
2.0625 1.93359
2.58398 1.44727
2.14844 1.58789
2.42773 1.5
2.2207 1.77734
1.84668 2.27344
2.50781 1.60254
2.80664 1.45703
2.12891 1.74707
1.95215 1.77051
2.61719 1.37988
1.23145 2.75
2.47852 1.77539
1.0166 3.2832
1.20312 2.95898
2.45117 1.73926
1.28711 3.22852
1.25781 3.14453
2.49219 1.60547
1.6709 2.07031
1.38184 2.66016
2.2793 1.93066
2.90625 1.26758
2.32031 1.68164
1.33301 2.54688
2.04492 2.25977
2.13086 1.90918
2.38281 1.47168
2.23438 1.62793
2.4707 1.61426
2.88281 1.39551
2.07617 2.12891
1.41992 2.82227
2.00586 1.6084
1.83203 2.33203
2.57422 1.42383
2.5332 1.19336
2.81445 1.07324
2.16406 2.17773
3.0918 1.23438
2.42188 1.44141
2.12695 1.79395
1.15137 2.55469
2.86914 1.2666
1.58301 2.23242
2.28711 1.71875
1.93066 2.04102
2.02539 2.05273
2.69141 1.83008
1.02051 2.91406
2.27539 1.69727
1.06738 2.8125
1.93457 2.26758
2.01367 2.39062
1 2.85547
2.14453 1.87207
1.7373 1.9502
1.8623 2.00977
2.07422 2.42383
2.81445 1.14258
2.07227 2.02344
1.47168 2.75977
2.29492 1.89551
1.56836 2.57812
1.53906 2.55078
1.76953 2.04492
2.28516 2.20703
1.52637 2.33984
1.14258 2.76172
1.10352 2.82227
1.71875 2.5293
2.87891 1.14648
2.51953 1.06934
1.625 2.24023
2.48633 1.14062
2.2832 1.7168
1.75391 2.35156
1.02832 2.92188
1.77051 2.32031
2 1.88574
1.2793 2.98438
1.32324 2.42188
2.83008 1.10059
1.71582 2.48438
1.71387 2.32227
1.91699 2.25781
2.58984 1.24805
2.48438 1.7627
1.625 2.60547
1.87891 2.06641
1.61133 2.25586
1.76465 2.625
2.49219 1.17676
2.60742 1.23047
1.08105 2.85352
3.08203 1.21094
2.01758 1.92676
2.76562 1.22266
1.22168 2.61328
2.87305 1.43164
1.25488 2.75
1.92383 2.22266
1.76172 2.12695
2.41406 2.00781
2.52148 1.4043
2.1875 1.36621
1.03711 2.69336
1.6416 2.40625
1.86133 1.84766
1.45996 2.79688
2.60352 1.2793
1.8291 2.01953
1.06152 3.23242
1.58887 2.60352
1.43555 2.72656
1.15918 2.85156
1.83789 2.06641
2.82617 1.29492
2.32227 1.37305
2.02734 2.22461
1.24805 2.69531
1.53418 2.51367
2.4707 1.59375
1.78906 2.62305
3.12305 1.05664
1.4541 2.48438
2.49805 1.53125
1.71191 2.4082
2.53906 1.77246
2.13086 2.32227
3.11719 1.21094
1.51172 2.66406
1.85449 2.09961
3.27539 1.03809
1.57031 2.625
1.95898 1.95801
1.86523 2.34961
2.37109 1.72852
2.20508 1.49121
1.06543 2.60547
1.45801 2.5
1.6543 2.72461
2.82617 1.3457
2.04688 2.10352
1.10059 3.2168
2.09375 2.05664
2.87109 1.43945
2.30078 1.56641
2.33789 2.17578
1.3916 2.25391
2.70703 1.33008
2.75195 1.39062
2.71484 1.17578
2.36914 2.02344
1.95508 1.55273
2.88086 1.34766
2.91992 1.33789
1.03223 2.61328
1.79004 1.90527
1.38477 2.85547
2.72656 1.12402
1.52246 2.31641
1.20801 2.6543
1.64648 2.59375
2.5 1.82129
3 1.10449
2.49023 1.17578
1.71973 2.21289
2.25781 2.16992
2.87109 1.31934
1.56836 2.75781
2.36523 1.75781
2.30469 1.32227
1.80859 2.12109
2.44922 2.03516
1.53809 2.39062
2.23047 1.73438
2.18359 1.74609
2.3457 1.76465
1.28223 2.44531
1.20508 2.91211
1.36719 2.3125
2.08789 1.63965
1.80371 2.19141
1.09766 2.98828
1.77441 2.41602
1.9209 2.16797
2.17578 1.99805
1.78418 2.42188
1.3457 2.41992
3.25391 1.17676
2.49609 1.12402
2.68945 1.46094
1.89355 1.93359
2.06445 2.10742
1.30273 2.37695
2.14844 2.06641
1.63672 2.36914
2.31445 1.81543
2.79688 1.39355
1.44727 2.45312
2.00195 1.88867
2.74414 1.3877
2.86523 1.41797
1.0498 3.00195
2.63672 1.21191
3.13477 1.38477
2.31445 1.93555
2.23438 1.53027
1.35156 2.53125
2.38477 1.79395
1.7998 2.4375
1.3623 2.46484
2.52539 1.56152
1.68848 2.22461
1.88477 2.14648
1.09375 3.25195
2.09766 1.48828
1.93164 1.96387
1.18555 3.14453
2.29883 2.23242
1.90918 2.55664
1.97559 2.21875
2.81836 1.06055
2.93945 1.49805
1.17969 3.10352
1.99219 2.42773
1.56348 2.55664
2.8125 1.25391
2.28516 1.87793
2.16602 2.25
3.16406 1.17188
2.58789 1.63281
2.14844 1.88086
2.19727 1.93848
1.55176 2.96094
1.73145 2.19922
1.62207 2.3418
2.50586 1.53125
3.0957 1.0166
2.48633 1.70996
2.33789 1.45801
1.22363 3.04102
3.03516 1.20898
2.13672 1.7959
1.35156 2.31445
2.23633 1.69629
1.76562 2.62305
1.56738 2.125
1.71484 2.60156
1.7832 2.3125
1.98633 1.98242
2.45508 1.09766
2.63867 1.17188
1.10449 2.60742
2.01562 1.95605
1.63867 2.63086
1.84668 2.26953
1.97949 2.44922
2.75195 1.10742
1.25391 2.4043
2.28125 1.71875
1.11621 2.79492
2.41992 1.75098
1.87598 1.94336
1.4082 2.44141
1.29199 2.30664
1.95215 1.9043
2.75781 1.10938
1.10645 2.92578
2.42188 1.99316
2.16406 1.96191
1.33398 2.47461
3.05273 1.27637
2.61719 1.51953
1.04492 2.73633
2.50195 1.8584
2.59961 1.23047
2.09961 2.05078
2.67969 1.06641
2.30859 1.47754
1.70801 2.01758
1.4375 2.625
1.69629 2.58398
1.97461 1.85059
1.55371 2.72852
2.51758 1.30469
1.81738 2.11328
3.25781 1.07715
2.82422 1.29883
2.32422 1.47559
2.1543 1.90039
2.16797 1.99902
2.31641 1.83398
1.60156 2.64258
3.02148 1.46875
2.14844 1.88184
2.85156 1.43262
2.24805 1.57129
1.08008 2.90625
1.25977 2.99414
1.35645 2.74414
1.03027 3.19727
1.20605 2.62109
1.37988 2.75977
2.77539 1.43164
2.22852 1.33008
1.84668 2.27344
2.60352 1.23047
1.47754 2.42188
1.29785 2.93359
2.37695 1.89258
2.33008 1.6875
1.29688 2.55859
1.42871 2.59961
2.20898 1.69922
1.61328 2.64648
1.1543 3.16016
1.76953 2.5
2.96289 1.14844
1.40625 2.39453
1.2207 2.60547
1.2168 2.58594
1.44629 2.45703
2.05664 2.04297
2.2832 2.08398
1.21094 3.05664
2.55273 1.16309
3.20898 1.09375
1.30371 2.95117
1.76367 2.32617
2.2832 1.72852
2.95117 1.3457
2.3418 1.88574
1.20801 2.88672
1.41113 2.80273
1.43066 2.2832
2.41211 1.84277
1.58789 2.48242
2.78906 1.13574
1.97559 1.79883
1.62793 2.34961
1.12793 2.57617
2.16992 2.28906
1.3291 2.7793
1.30176 2.4043
2.11719 1.88965
2.18945 1.7168
1.97949 1.80469
2.19922 1.56836
2.41406 1.79883
3.37891 1.02051
2.3418 1.8125
1.77832 2.07227
3.11914 1.0293
1.32129 2.58008
2.32422 1.85547
1.98438 2.00586
2.05859 1.83008
1.72461 2.45508
1.74121 2.16797
1.13477 2.93359
1.44629 2.55859
1.83691 2.27344
2.14062 1.87305
2.64453 1.49219
2.30078 1.68555
2.84766 1.30078
1.75684 2.33398
1.33594 2.77734
2.01367 2.0625
2.10352 1.61914
2.2793 1.71875
2.32031 2.13086
1.125 2.78711
1.28027 2.41797
2.38086 1.63574
1.74316 2.42578
2.68359 1.46289
2.17773 1.87695
1.42969 2.28711
2.22656 1.33105
2.26758 1.70117
1.92578 1.70898
1.58398 2.23242
1.76465 2.30273
2.32422 2.13672
1.92676 2.02148
1.84473 1.97363
1.77539 2.33008
2.33789 1.45801
1.23047 2.44727
2.33984 2.04688
1.57617 2.60547
2.72266 1.5127
1.89062 1.86621
2.87109 1.4375
2.24805 1.80859
2.67578 1.41016
1.52637 2.5332
2.58203 1.43848
1.58398 2.36133
2.36719 1.85156
1.29004 2.5957
2.12109 1.65234
1.34082 2.33789
2.57617 1.34863
1.2959 2.70312
2.92773 1.00781
1.49219 2.46094
3.13086 1.12891
1.73535 2
2.15039 2.05078
1.31152 2.28906
2.35156 1.81836
1.73047 2.46289
2.76172 1.25781
1.94922 1.61719
2.66211 1.06445
2.80859 1.05469
1.65723 2.21875
3.39453 1.02246
2.03906 2.19531
1.9834 2.20898
1.81738 2.26758
2.70898 1.08105
2.95117 1.52539
1.65918 2.58203
1.66992 2.56836
2.67383 1.13672
2.2207 1.73926
1.29297 2.39062
1.2041 2.83203
2.06641 2.25
2.37891 1.40039
1.51562 2.83398
1.19043 2.7832
1.92871 2.17578
2.07812 2.08984
2.18945 1.75391
2.47266 1.67188
1.11133 2.81445
2.62695 1.4873
2.04492 2.41797
1.07129 3.31641
2.62305 1.10742
1.75195 2.20312
1.33887 2.25781
2.13672 2.07031
2.37109 1.72949
2.56641 1.60254
1.30957 2.88672
2.14258 1.72656
2.77539 1.57715
1.67383 2.625
1.04883 3.41211
2.0957 1.93457
2.9043 1.24512
2.4043 1.54199
1.39551 3.13281
1.44629 2.8418
2.52148 1.36035
2.08789 2.12305
1.58691 2.45898
2.97266 1.02539
1.19238 2.71289
1.59473 2.13281
1.80371 2.08594
2.73828 1.35742
1.57227 2.03906
3.04492 1.14844
1.30176 2.84766
1.39551 2.54297
1.84473 2.27539
1.86328 1.77832
2.48633 1.86035
1.68848 1.84375
2.22852 1.63867
2.24609 1.54395
2.07031 2.35352
2.12305 1.83887
2.05469 2.02734
2.15039 2.05078
1.22461 2.79883
1.60156 2.76953
2.78516 1.58691
1.93555 2.32031
1.70215 2.2207
1.01172 3.05664
2.04297 2.36133
1.13281 3.13281
1.18066 2.72656
2.09375 1.91211
1.54199 2.65234
2.6582 1.4668
2.08008 2.32422
2.01758 1.76465
2.61523 1.52148
1.60156 2.31836
2.7793 1.14844
2.53516 1.20215
1.15625 3.3457
2.50391 1.24805
2.24805 1.45605
1.47949 2.41406
1.56738 2.125
1.01562 2.95898
2.58984 1.32324
1.70117 2.21289
2.00195 2.07422
2.63672 1.10938
3.07617 1.18457
2.60742 1.33691
1.37695 2.63477
1.21484 2.87305
1.20508 2.82422
1.92578 2.21094
2.26172 1.81055
2.84375 1.02246
1.62402 2.13281
1.25879 2.48828
2.55664 1.2959
2.30664 1.69727
2.19922 1.56738
2.48438 1.31836
1.2373 2.96094
2.28906 1.80469
2.79297 1.21777
2.58008 1.88574
1.40723 2.62109
2.00391 2.07422
2.4375 1.47852
2.31836 1.68164
2.12109 1.83594
2.4707 1.53906
1.80371 2.40234
1.39355 2.62891
1.88477 2.08203
2.56055 1.4668
2.19336 1.71094
1.85156 1.8252
2.07422 1.9873
2.60547 1.09082
2.3457 1.25781
1.31738 2.75195
1.95508 2.0625
2.88867 1.17676
2.40625 1.86035
2.27734 1.65918
1.38672 2.875
2.625 1.22656
2.53711 1.24512
1.09082 3.25781
2.18555 1.69238
2.00391 1.99902
2.20312 1.61621
1.39258 2.73633
1.14258 2.72656
1.45508 2.13086
2.05859 1.6416
2.14062 2.06055
2.09961 1.87207
1.29785 2.97266
1.80176 2.12109
1.71875 2.30273
1.31152 2.50586
2.80469 1.08594
2.41406 1.58203
1.80762 2.58398
2.49414 1.78809
1.4834 2.49219
2.33008 1.68945
2.00391 1.8877
1.4375 2.74805
2.07422 1.98828
2.68945 1.64844
2.88867 1.33984
1.60645 2.70703
1.64355 2.33984
1.7002 1.96582
1.15625 2.46094
2.75977 1.10742
1.62793 2.21094
1.06543 3.24023
1.97754 1.91309
1.48438 2.7793
2.80469 1.34961
1.10938 2.91992
2.67188 1.49023
1.20605 2.67383
1.08008 2.74414
2.625 1.13867
2.71875 1.68262
1.67773 2.38672
2.4043 1.66016
1.12891 2.89258
2.25781 2.05078
1.24219 2.65625
2.97656 1.00488
1.95312 2.08008
1.9043 1.85156
1.53613 2.62891
1.19824 2.5293
1.63965 2.54883
2.03516 1.83398
1.02246 3.36719
2.42383 1.92773
1.34082 2.71875
2.73438 1.50879
1.37793 2.65234
2.45898 1.87988
2.49023 1.13867
2.46875 1.51172
1.88379 2.32422
2.52148 1.34375
2.34375 1.8877
1.94141 1.97754
1.78906 2.71094
1.16797 2.50977
2.10742 1.94727
1.47949 2.63281
2.89648 1.22754
2.57227 1.26855
2.34375 1.68359
2.91602 1.49512
1.84082 2.31641
2.8418 1.33105
2.4043 1.50586
2.09766 2.17188
2.12891 1.77734
3.06055 1.10742
1.19824 3.24023
2.56836 1.53516
2.91602 1.04199
2.32227 1.7373
2.84766 1.20703
2.35547 1.97559
1.37109 2.46484
2.30469 1.96875
1.84375 2.27148
2.76758 1.02246
1.02441 3.16016
2.96484 1.19043
1.44238 2.51758
2.1875 1.75684
1.60645 2.70898
2.74609 1.37695
1.39844 2.25391
1.81934 2.26562
2.30078 2.05469
2.58594 1.39355
2.49805 1.04199
1.64941 2.16602
3.23828 1.14453
2.08984 1.88086
2.73438 1.29688
2.47266 1.50879
2.21094 2.09375
1.75977 2.12891
2.64258 1.65918
1.66504 2.14648
3.02539 1.47852
1.99121 1.92285
2.25391 2.19727
1.7041 2.32812
2.64453 1.49219
2.57422 1.58203
1.91211 2.37695
1.04395 2.84375
3.11719 1.19141
1.05762 2.99219
1.74121 2.29102
2.71875 1.20801
2.35547 2.11914
2.24219 1.84473
1.32324 2.98438
2.05078 1.7998
2.10352 2.04102
1.56738 2.33789
3.02539 1.38477
2.56445 1.53223
1.00488 3.06836
1.1123 2.82031
2.00391 1.88574
1.60059 2.10547
1.80859 2.11328
2.19336 1.4834
2.22266 1.5918
2.22656 1.6582
3.29297 1.10938
1.65039 2.17578
3.01758 1.21387
1.50879 2.73242
2.17969 1.66602
2.06445 1.9502
2.38477 1.93164
2.32227 1.59863
1.88086 2.23438
2.30664 1.68457
1.01758 2.99609
2.86914 1.26953
2.51758 1.32129
2.55664 1.35742
2.41992 1.58984
2.25195 1.79492
1.11719 2.77344
2.72461 1.2627
2.55273 1.69141
2.75 1.59082
1.00391 2.66406
2.12109 1.95508
1.32812 2.66797
2.39453 1.76758
1.88574 2.47656
1.80371 2.14062
1.2334 2.55078
2.04492 2.21094
1.0127 2.87109
2.28711 1.99609
1.55859 2.50586
2.00781 1.97852
2.71875 1.44043
2.83594 1.02246
2.06836 1.57227
1.70117 2.01367
1.96387 2.0957
2.38086 1.60645
1.54492 2.68945
2.32227 2.13477
2.24414 1.45996
1.26953 2.48242
1.9707 2.19141
2.58594 1.88574
2.74805 1.40918
2.36914 1.80176
2.875 1.3877
1.90332 1.67285
2.2793 1.79102
2.24609 1.96973
1.37109 2.9375
1.97559 2.05273
2.70117 1.52441
1.61133 2.25
2.56641 1.34277
1.05859 3.4043
2.30664 2.17188
2.08008 2.0918
2.07617 1.87402
1.71875 2.35938
2.82617 1.28906
3 1.25293
2.00586 1.88477
1.92188 1.95508
2.07812 1.64941
2.32031 2.13477
2.72266 1.13281
2.81445 1.00781
1.6416 2.48242
3.25977 1.15137
2.50781 1.43164
2.87109 1.41113
1.95605 1.94434
2.02148 2.25977
1.60059 2.20312
2.18359 1.66602
2.75195 1.49414
1.91992 2.06055
1.50195 2.4668
1.4375 2.36328
2.37305 1.71387
1.9668 1.74902
1.23242 2.51758
2.32617 1.8125
1.48535 2.71289
1.71289 2.26953
2.46289 1.55566
1.99609 2.04102
2.04883 1.8252
1.5625 2.80859
1.76074 2.04297
1.94043 2.07617
1.82129 1.81152
1.63379 2.55469
1.66699 2.79297
2.14453 2.05078
2.19531 1.66211
2.28516 1.71875
2.01172 1.94238
2.72266 1.33496
1.43164 2.71094
2.6875 1.29102
2.33398 1.30176
2.64844 1.31934
1.42969 2.28516
2.24023 1.54395
3.08789 1.22266
2.56055 1.34082
1.75586 2.45117
2.82227 1.16699
1.93066 2.10352
1.66406 2.29102
2.60938 1.38574
2.42383 1.99707
1.65723 2.40234
1.86621 2.35156
1.66602 2.64844
1.80273 2.54688
2.38867 1.58887
2.26562 1.33203
2.85352 1.30078
1.09766 2.72461
2.33594 1.81836
2.42773 1.24609
1.53027 2.44336
1.00098 3.375
1.93359 2.44141
2.14062 2.10547
2.2793 1.71973
2.00977 1.94727
1.97949 1.80176
1.12207 2.85938
1.53516 2.51758
2.09961 2.17188
2.18164 1.66504
1.97852 2.21289
2.29883 1.68457
1.19531 3.10156
1.81836 1.81348
1.98047 1.79785
1.75781 2.33398
1.75391 2.33398
1.25098 3.1543
2.17578 1.66406
2.31641 1.36621
1.68164 2.39258
1.20117 2.50391
1.51562 2.64258
2.00977 1.94824
2.5 1.59961
2.34961 1.75293
1.39062 2.875
2.33984 1.97754
1.91797 2.14258
2.63672 1.23535
1.85938 2.34766
2.41797 1.96289
2.1875 1.69922
2.01367 2.01562
1.1875 2.40625
2.85547 1.42773
3.1582 1.04199
1.25879 2.50391
1.51465 2.57617
2.56836 1.14355
1.64453 1.88965
1.54199 2.63867
1.24414 2.67773
1.02246 3.26953
3.25977 1.16895
2.9707 1.09668
1.36133 3.05273
1.96191 2.20703
1.21973 2.95508
1.63086 2.5918
1.92188 1.77441
1.30957 2.84961
2.31641 1.68262
1.33984 2.96289
1.96387 1.94434
1.70801 2.36328
1.39355 2.39258
1.46973 2.40625
1.98926 2.21484
2.1875 1.84668
1.6416 2.41211
1.31738 2.20703
2.62695 1.37207
1.83984 2.27539
2.4082 1.62891
2.03125 1.8291
2.16797 1.99902
1.39355 2.61719
1.7959 2.60742
1.96582 2.14258
1.34473 2.76953
2.80859 1.25391
1.20801 2.86914
1.53906 2.2207
1.93262 2.49414
1.20898 2.54102
1.82812 2.26758
2.33789 1.66211
1.57812 2.52344
1.81641 2.00391
1.09473 3.27539
2.63867 1.53223
1.59863 2.32031
2.78906 1.28516
2.41992 1.22949
2.56836 1.80078
2.92773 1.06152
1.31641 2.59961
2.8457 1.47754
2.56641 1.53516
2.54883 1.4043
2.71875 1.50488
2.58984 1.74707
2.43555 1.46973
1.82812 2.26562
2.71289 1.39746
2.7793 1.2627
1.10645 2.69922
1.59473 2.30859
2.5293 1.55762
1.86621 2.33008
1.12305 2.76562
2.03125 2.05859
1.07422 2.75
1.43945 2.48047
2.52148 1.74414
2.72852 1.50977
2.69336 1.71289
2.45312 1.65039
2.06641 1.69141
1.47461 2.47461
1.37598 3.0957
1.34375 2.24609
1.52148 2.65234
2.03711 2.24219
2.01562 1.94141
2.39648 1.24023
2.24023 2.17383
2.38867 1.56445
2.41406 1.57422
2.81836 1.44824
1.78809 2.06836
2.38672 1.60449
1.22754 3.04297
2.45117 1.67578
2.96875 1.41211
2.45703 1.42383
1.60547 2.71094
2.00781 2.41602
2.48047 1.50488
2.21484 1.89844
2.24219 1.62207
1.76367 2.64258
2.55859 1.19922
1.86035 2.37891
3.30859 1.16504
2.96875 1.02441
1.66309 2.63477
1.41895 2.98828
3.02734 1.13477
3.07031 1.22461
2.87695 1.49414
1.79395 2.02344
2.55469 1.49609
2.12305 2.22461
1.56836 2.20508
2.45703 1.48047
1.5791 2.45117
1.69727 2.36328
2.69531 1.27539
1.70605 1.9043
1.91113 2.55664
1.67285 2.35352
1.54492 2.33203
2.0957 1.82812
1.8623 2.3457
1.70898 2.36328
1.55078 2.26562
2.82227 1.47266
2.26367 2.10938
1.18066 2.41016
2.7793 1.2793
1.44824 2.41992
3.00586 1.09961
1.95605 1.81934
1.99512 2.17383
1.61426 2.44531
1.89746 1.86621
2.68945 1.6709
1.30273 2.375
1.19629 2.83203
1.55566 2.33984
3.17578 1.05566
2.60547 1.04688
1.02344 2.95312
1.43164 2.28516
1.97461 1.69238
1.82031 1.91699
1.03906 2.61328
3.01172 1.07617
1.62793 2.36328
1.28809 2.79883
1.98633 2.30859
1.97852 1.7998
2.30273 1.7666
2.69727 1.12109
2.05078 2.28906
1.78516 1.91797
1.21875 2.95117
2.56055 1.39551
2.21094 2.2168
1.54883 2.16602
1.74219 2.04688
1.20312 2.43359
2.10352 2.08398
1.78027 2.65625
1.50781 2.22461
1.93164 1.8418
1.55957 2.54297
2.45117 1.62988
1.38379 3.07227
2.75781 1.23047
2.58008 1.63281
2.01562 2.13867
1.45215 2.2793
2.48047 1.20312
2.8418 1.34277
2.24414 1.77441
1.7041 2.07812
2.19922 1.99805
2.40039 1.48145
2.24609 1.77051
2.66797 1.53613
1.84473 2.27148
1.11328 2.85156
1.16699 3.27539
2.32031 1.85645
3.27344 1.03418
2.23438 1.3125
2.33398 1.81836
2.09961 2.17383
1.19238 2.63477
1.84668 2.27148
2.13086 1.69434
1.41406 2.48828
1.03125 2.83984
2.04297 2.33203
1.74414 2.59766
2.28125 1.75
2.94922 1.38184
2.15039 1.89355
1.47559 2.83594
2.46484 1.65137
1.59961 2.65039
1.55566 2.26367
2.10547 2.08203
1.86914 1.78613
1.64648 2.0332
1.53516 2.51367
2.19922 1.57129
2.07031 2.26758
2.74414 1.42773
1.86328 2.17578
1.57227 2.21094
1.4873 2.47266
1.42383 2.69727
3.00195 1.09863
2.11719 1.78027
1.5459 2.55469
2.29688 1.58301
2.30859 1.41895
2.11133 1.57324
2.13867 2.20312
3.33594 1.10352
2.29688 1.5752
1.16797 3.04102
2.32031 1.89746
2.36719 1.72852
1.86426 2.32812
1.76562 2.50781
1.27734 2.98242
1.95215 1.92773
1.35645 2.90039
1.9834 1.80078
1.78613 2.26562
2.77539 1.35938
1.12012 3.04492
2.75586 1.59961
2.39844 1.66113
1.19531 3.10547
1.29297 2.7168
1.04688 3.03711
2.24219 1.77441
2.14258 2.19336
3.21094 1.08203
2.18164 2.16016
1.90918 2.56445
1.30859 2.59766
2.71484 1.42578
1.00684 2.70898
2.83984 1.02246
1.91699 2.06445
1.9209 2.50586
1.94043 1.78613
1.32031 2.27539
2.67578 1.76562
1.78125 2.45898
1.61523 2.7207
2.82422 1.15234
1.62695 2.24023
1.98535 1.79004
2.74609 1.37402
1.87402 2.20508
1.30957 2.52344
1.47949 2.8125
1.70703 2.38281
2.23828 1.84277
1.00781 2.76758
1.81934 1.81348
1.99023 1.88574
1.89453 2.60547
2.89258 1.35547
1.67969 2.64648
1.53027 2.36133
1.29395 2.44141
2.59375 1.50977
2.33594 2.17383
1.2666 2.63477
2.63867 1.02051
1.7041 2.39258
2.41016 1.50391
1.76465 2.25586
1.72363 2.32422
2.11328 1.7041
2.0957 1.8457
1.63086 2.56445
1.13574 3.1543
2.66797 1.75488
1.56641 2.125
1.93262 2.05273
2.22266 1.73926
2.30078 1.68555
1.66016 2.48633
1.32812 2.86133
2.10352 2.08789
2.06055 2.10352
1.625 2.31055
1.95605 2.27344
1.27734 2.82617
1.68359 2.33594
1.71875 2.10156
2.3457 2.00586
2.33984 1.97461
3.11914 1.03027
1.79395 2.60742
1.93945 2.30469
2.60156 1.71191
2.38867 1.92969
2.87891 1.55273
2.69531 1.1875
2.14258 1.98047
2.32031 1.67285
1.34766 3.0293
1.51855 2.35352
1.3291 2.70703
1.20801 2.67188
2.28516 1.70703
1.63477 2.39062
2.33789 2.18164
2.49023 1.65332
1.43066 2.28125
2.33984 1.38672
2.17773 2.12891
2.50781 1.95117
2.97461 1.14062
2.5625 1.5332
2.11719 1.98828
1.76172 1.78613
1.47461 2.54492
1.39844 2.39844
1.83301 2.39258
1.2334 2.82812
2.7832 1.30957
1.18555 2.46289
2.49414 1.46387
2.40039 1.74902
2.33594 1.80078
1.74805 2.00391
1.65625 2.36719
3.08398 1.21387
2.67578 1.35156
2.64258 1.8623
2.58594 1.52637
1.19727 2.46484
2.20117 1.89355
2.93164 1.08301
2.56055 1.69922
1.80469 2.24219
2.17578 2.28125
1.62109 2.43164
3.05859 1.08887
2.91602 1.00879
1.46484 2.45898
1.40234 2.44336
1.75879 2.12891
1.68457 1.86426
1.71973 2.16797
2.35938 1.63965
2.24414 1.77637
2.82812 1.58203
1.57812 2.07031
2.68164 1.42676
2.10742 1.74121
2.81055 1.48047
2.61914 1.5459
1.57812 2.52539
2.45508 1.5459
2.11914 2.08203
2.13672 2.07031
1.36523 2.875
1.2207 3.16016
1.87988 2.06836
2.16797 1.5127
1.76367 2.625
1.36328 2.68945
2.30859 1.64355
1.60449 2.70898
2.17188 2.36133
1.62109 2.44336
2.32812 1.62305
1.53809 2.4668
1.36035 2.73242
2.25977 1.82715
1.50684 2.36523
2.05469 1.58008
2.40234 1.75098
1.2334 2.80469
2.96289 1.14746
1.93652 1.9668
2.625 1.61035
2.9082 1.3252
1.39648 2.54102
2.53906 1.19238
2.31836 1.68164
1.52344 2.67773
1.68945 2.27539
1.37695 2.62109
2.30859 1.68652
2.94531 1.24902
1.19727 3.09961
3.08008 1.11914
1.32324 2.58594
1.84473 2.27344
2.90625 1.48633
2.70312 1.39258
1.38184 2.58594
3.08789 1.2334
2.38672 1.93359
2.88672 1.13086
3.19336 1.06641
1.84863 1.82324
2.00195 1.88672
1.17285 2.49023
2.37695 1.68848
1.42871 2.28516
2.50586 1.42871
2.41406 1.42285
2.23633 2.10938
3.01367 1.16797
1.93262 1.68652
2.23047 1.73926
1.98145 1.80176
1.53125 2.59766
1.8291 1.91699
1.96289 2.2832
1.66992 2.15625
2.1582 2.14648
2.94336 1.01855
1.23828 2.92773
2.15039 1.87598
1.75195 2.35742
3.01562 1.28809
2.14648 1.90918
2.00586 2.42578
1.55469 2.58984
3.03516 1.26465
1.66504 2.57227
1.8252 2.07227
2.41211 1.8916
1.88965 2.47461
1.64062 2.43555
1.6709 2.38477
2.55078 1.08594
2.17578 1.8623
3.36719 1.03516
1.79395 2.24023
2.50781 1.86328
3.09375 1.19434
2.94336 1.19824
2.70117 1.43262
2.37891 1.68262
2.81055 1.01367
2.51367 1.82031
2.24805 1.5625
2.04102 1.82715
1.64551 2.62305
1.13184 2.45898
1.04688 2.99219
1.65918 2.34375
1.1582 2.71094
1.49219 2.22852
1.69336 2.39844
1.82324 2.25781
2.5332 1.4248
1.97949 2.00977
2.58203 1.76465
1.7998 1.9668
1.98535 2.01172
1.11035 2.64453
1.54688 2.36914
1.81738 1.72168
1.39746 2.50781
2.17383 1.58301
2.74414 1.5957
2.7793 1.14941
2.5918 1.59277
2.09375 2.0957
1.22949 2.70898
1.05469 3.00586
1.3457 3.05664
2.21094 2.01758
2.12109 1.83301
1.36035 2.92773
2.72852 1.31543
2.52734 1.16699
2.34766 1.95312
1.17773 2.88281
2.66992 1.81445
2.53711 1.71094
2.9082 1.14551
1.70703 2.36133
1.32715 2.5625
2.74414 1.38965
2.3125 1.89648
2.46094 1.82422
2.22656 1.68848
1.66113 2.41406
2.16602 2.15039
2.80273 1.38867
2.06055 1.86621
2.74219 1.38965
1.53809 2.23633
2.50586 1.17871
1.69531 2.00391
1.56543 2.6582
1.06543 3.19922
2.80273 1.3916
2.86914 1.2002
1.84082 1.91309
2.57227 1.04004
2.82617 1.40039
1.94434 2.20703
1.27051 2.84375
2.94531 1.10645
2.83398 1.02148
2.44336 1.36621
1.23926 2.98438
2.06055 1.59668
2.71484 1.53906
2.92383 1.08203
2.89258 1.20801
2.60156 1.71777
2.38672 1.58203
1.58496 2.4375
1.27637 3.08203
2.01172 1.70508
1.57422 2.52344
2.72461 1.15527
1.16699 2.83984
1.7041 1.94629
2.7168 1.4502
2.47852 1.59961
2.21094 2.04297
1.16016 2.85547
1.07812 3.2207
2.38086 1.6709
2.05664 1.50391
1.73438 2.29102
2.24414 2.08984
1.23438 2.47852
2.44531 1.90332
1.8623 2.0918
1.03223 3.31641
1.79102 1.85059
1.64062 1.97461
1.41895 2.59375
2.14258 2.10352
3.1582 1.00391
2.0293 1.95898
1.75586 2.33398
2.35547 1.84277
1.03516 3.00195
2.29102 1.30957
2.17969 1.66406
1.29492 2.64648
2.58008 1.28125
1.14258 3.00195
1.25977 2.80664
1.79785 2.60742
3.12109 1.05664
1.58691 2.22266
2.0625 1.94824
1.55664 2.69922
1.66797 2.52344
1.10352 2.81641
1.95312 2.39453
1.5332 2.7207
1.58887 2.90039
2.65039 1.55078
1.05957 2.88477
2.54883 1.7207
2.51758 1.42773
2.38477 1.93359
2.48633 1.13965
2.51172 1.25684
1.02734 2.7793
1.75488 2.35352
2.37109 1.71191
1.59766 2.61328
2.52148 1.30566
1.40625 2.23828
2.26562 1.76855
3.03125 1.09766
1.72656 2.11328
1.39453 2.78516
1.4834 2.46875
1.22168 2.61523
1.53711 2.4668
2.80859 1.25488
2.68945 1.04395
1.88281 2.34375
1.91309 2.05859
2.13477 2.21484
1.30273 2.76367
1.24902 3.01172
3.38672 1.05469
1.76953 2.51953
1.15918 3.26953
1.44629 2.45117
1.79004 1.90234
2.00977 1.94824
2.78711 1.35156
1.5 2.76172
1.76562 2.24023
2.61133 1.13574
2.22266 1.80176
2.00586 2.22852
2.14062 2.09375
2.74414 1.38477
2.40039 1.15527
1.27051 2.96094
2.8125 1.4082
1.2002 3.04492
3.03711 1.39551
2.20703 1.91992
2.05273 1.57031
1.13379 3.23047
1.59668 2.74609
2.76172 1.10742
1.29785 2.37305
2.48633 1.22363
3.06836 1.12207
2.24609 1.90723
2.66211 1.66309
1.33984 2.66992
1.3623 2.21484
1.37109 2.32422
2.22656 1.33105
2.06055 1.81055
1.60449 2.70898
2.4043 1.6748
2.71875 1.22656
3.0625 1.10938
1.60938 2.73438
1.51758 2.63867
2.69727 1.61523
1.60547 2.71094
1.70996 2.69922
2.125 1.79883
2.60742 1.21191
1.56934 2.22266
2.22461 2.08984
1.46484 2.18359
1.15527 2.97461
2.45312 1.37402
2.47266 1.34863
2.07227 2.01562
2.10547 2.08398
2.34375 1.81445
2.74805 1.39258
2.80859 1.63477
1.71582 2.73047
1.59863 2.07422
2.86914 1.44531
2.22266 2.11523
2.98828 1.44629
2.51562 1.86133
2.46289 1.56445
2.03516 2.11914
1.80273 1.92285
1.17773 3.04492
2.59961 1.44629
1.36816 2.53711
2.12109 1.70703
2.30078 2.22852
3.11914 1.03223
1.15918 2.71289
2.68359 1.29199
2.46875 1.72949
2.61328 1.40723
1.41211 2.14648
2.33398 1.58691
2.60352 1.20996
2.0625 1.55957
1.08008 3.07422
1.72266 1.7959
2.62891 1.39648
1.19727 2.85156
1.73145 2.38281
1.74023 2.32422
2.23633 1.36133
1.93359 1.87695
2.09375 1.85059
1.81348 2.61523
2.5625 1.5332
2.37109 1.64062
3.03125 1.22852
1.6709 2.3125
2.37109 2.02148
2.74805 1.43262
1.05664 3.25391
2.71289 1.49414
1.50391 2.98242
2.50391 1.7002
2.50977 1.62695
3.10352 1.07129
1.84863 2.17383
2.70898 1.31543
1.25195 2.80664
2.43945 1.90137
1.52246 2.17578
1.70996 2.39062
1.37793 3.00781
1.92773 1.81445
1.47754 2.45508
1.52148 2.39258
1.53418 2.51367
1.94824 2.02148
2.76758 1.72266
2.81445 1.4707
2.13477 1.88867
2.38477 1.92871
1.88477 1.91406
2.67969 1.57422
1.7041 2.36133
1.14844 2.69922
2.69727 1.28125
1.41797 2.59766
1.52539 2.83789
1.34766 2.50781
1.41895 2.74805
2.14844 1.88086
2.625 1.53906
3.11914 1.23828
2.90625 1.05762
2.45703 1.87891
2.82617 1.24121
1.94336 2.22266
1.75293 2.34766
2.13086 1.86719
1.75195 2.16211
1.53125 2.875
1.13086 2.9043
2.10352 2.08008
1.36719 2.66797
2.03516 1.95117
2.76367 1.1084
1.54395 2.38672
1.64355 2.06836
1.54492 2.55273
2.19141 1.66504
1.67773 2.37891
2.18164 1.94434
2.59375 1.34961
1.55664 2.02734
3.14062 1.09277
1.42285 2.31836
1.52051 2.51758
2.90234 1.03418
1.01074 3.44922
1.84473 1.95215
2.69727 1.35547
2.61719 1.30078
1.77441 2.13672
2.15234 1.91992
1.8291 2.09961
2.2793 1.79395
2.58984 1.64258
2.00195 1.86719
2.22656 1.33203
2.18945 2.20117
2.55859 1.74023
2.41016 2.06445
1.06641 3.19141
2.41211 1.86816
1.79688 2.60156
1.61621 2.54883
1.21094 2.80078
1.50488 2.56836
2.29883 1.90039
2.48438 1.14062
2.33398 1.90039
2.30078 1.6875
2.35547 1.68164
2.0332 1.97852
2.50977 1.19141
1.78906 1.90137
1.22559 2.91406
1.74707 2.05664
2.27148 1.56934
2.71875 1.3291
1.30273 2.375
3.0957 1.24121
2.30469 1.36719
1.82324 2.11719
2.2832 1.34473
2.0625 1.61133
1.45312 2.39258
1.97949 1.80273
2.04297 2.24023
2.6543 1.05762
1.31152 3.02734
2.55859 1.46582
1.53711 2.64258
2.21484 1.79883
2.91602 1.27539
2.80469 1.39062
1.47559 2.44531
2.25391 1.60449
2.51953 1.47852
2.00781 1.94629
1.51953 3.01367
1.57812 2.52148
2.57227 1.67871
2.74609 1.52344
2.61328 1.75195
2.19141 1.83008
1.75781 2.32617
1.03516 3.38086
2.76562 1.20605
2.30469 1.48145
2.6543 1.44824
2.56641 1.5332
3.04492 1.19824
2.36719 1.61621
2.88672 1.16797
1.21973 2.84766
2.08398 1.99902
2.57812 1.4502
2.10742 2.32422
2.12305 1.83301
1.75098 2.44141
2.11328 1.86133
1.40332 2.5
1.38867 2.41211
2.48828 1.17871
1.89551 2.01953
1.31934 2.94336
2.02344 2.11719
1.84277 2.26367
2.72266 1.58594
2.53711 1.8291
1.13184 3.28125
1.16797 2.66602
2.67188 1.37305
2.74805 1.42578
1.01562 3.32422
1.63965 2.39648
2.55664 1.41602
2.7832 1.39941
2.47461 1.49609
2.79883 1.68457
1.81934 1.81055
1.74707 2.07227
2.39453 1.37305
1.62793 2.04297
1.39844 2.54297
2.00977 1.94727
2.17578 1.87598
1.85059 1.9541
1.11523 2.86523
3.13867 1.16699
2.25977 1.72461
1.09082 3.21289
1.29297 2.77344
2.34961 1.30957
2.29492 2.19336
2.49805 1.66406
1.61816 2.2793
2.47266 1.26074
2.0332 2.12891
1.7002 2.04883
1.14844 3.07227
1.19629 2.83594
1.04297 3.12891
1.65918 2.02344
1.39258 2.35742
2.80273 1.56445
2.49219 1.79395
1.8877 2.03906
1.57812 2.25781
2.14062 2.10938
1.59961 2.26953
1.43262 2.9375
2.19727 1.72461
2.45898 1.81738
2.5625 1.5332
2.01953 1.84668
1.14648 2.99414
2.96289 1.14551
2.56836 1.53516
3.35938 1.00586
1.51172 2.38086
1.16016 2.85742
1.98633 2.4043
2.51758 1.73633
1.70996 2.38867
2.47852 1.44434
2.38477 1.93457
2.19531 1.88574
1.13086 2.7832
1.02637 3.00977
1.03711 3.14453
2.63477 1.1377
2.96094 1.42773
2.55078 1.23438
1.72559 2.20898
2.87305 1.33691
2.0957 1.57422
2.07031 2.26562
1.1543 2.97461
2.31836 1.68359
1.42871 2.96875
1.83301 1.78711
1.43164 2.34375
2.59375 1.42285
1.43164 2.63281
1.80566 2.28906
2.25195 2.12109
1.90625 2.56641
1.03613 3.08789
1.58691 2.36133
2.48242 1.49414
2.625 1.57324
1.9209 2.2168
2.11914 1.83594
1.30371 2.92188
1.4248 2.47266
1.16797 2.75781
2.82617 1.14648
1.44824 2.45312
2.51562 1.42773
2.5625 1.46484
3.18359 1.02441
1.61914 2.20117
3.12109 1.05371
1.52441 2.84375
3.03516 1.13574
1.26758 2.62891
2.29492 1.94043
1.97559 2.2168
2.28906 1.71973
1.25293 3.22461
1.29199 2.41992
1.41406 2.51562
2.79883 1.57031
2.80664 1.25391
2.55469 1.08789
2.97656 1.21094
1.47949 2.42578
1.24023 2.86328
1.23047 3.11523
2.52344 1.90625
2.33398 1.90039
1.3125 3.11523
2.4668 1.43359
2.125 1.99121
2.56445 1.85156
2.29297 1.99414
2.93945 1.43262
2.64844 1.46484
1.95605 2.01172
1.13574 3.11914
2.61328 1.06641
2.00977 2.00781
2.83398 1.24805
2.56836 1.51367
2.80664 1.39258
1.3418 2.45508
1.02832 3.0293
1.48633 2.43359
2.51562 1.73828
1.04395 2.72266
2.36328 1.78027
2.41797 2.03516
2.58398 1.4873
1.44629 2.63086
1.35742 2.94922
1.3125 2.66406
2.13672 2.07031
3.11328 1.19238
1.85742 2.21875
3.12305 1.05566
2.33008 1.80273
2.06641 1.94141
1.47168 2.51367
2.3125 2.04102
1.73242 2.52734
1.65234 2.30664
2.3418 1.50977
1.54395 2.44531
2.00391 1.88672
2.5293 1.34473
2.02539 1.72461
1.6416 2.35156
2.40039 1.85254
2.50781 1.44043
2.25391 2.00781
1.46777 2.71484
2.66992 1.3291
2.80078 1.16113
2.96875 1.26367
1.96484 1.69727
2.59961 1.20117
2.51758 1.34277
2.95312 1.08301
1.71582 2.4668
2.75977 1.40137
2.55664 1.33008
1.28906 2.65625
1.02148 2.82031
1.95898 2.35352
2.28516 1.71973
3.16406 1.18066
1.77832 2.37891
1.95605 2.21289
1.7334 2.69336
2.93359 1.04883
2.31445 1.80762
1.27441 2.45508
2.33594 1.90137
2.35352 1.71973
1.08594 2.55469
1.8418 1.77539
1.27637 3.20508
2.14453 1.88184
1.26465 2.95117
2.16797 1.80566
2.42773 1.71875
2.70898 1.13672
2.3125 1.68555
2.33789 2.17969
2.41992 1.84473
2.74219 1.50488
1.80566 2.37695
2.28711 1.73145
1.22754 3.03906
1.60254 2.72461
2.6543 1.37988
2.15039 1.87207
1.10742 3.00391
2.01367 1.78906
2.5293 1.11426
1.61426 2.3457
2.19336 1.75879
2.73828 1.56152
2.06641 1.93945
2.85156 1.50488
2.83594 1.02246
1.77734 2.31836
2.61328 1.28223
2.30664 1.55078
3.11523 1.0752
2.46094 1.9502
1.57715 2.52148
2.16406 1.63672
2.28711 1.59668
2.3418 1.72656
1.02148 2.94141
1.37598 2.46289
2.72656 1.33594
1.17188 2.76562
2.44727 1.61719
2.19141 2.2168
1.44043 2.9043
2.09766 2.19922
1.49805 2.47461
2.35352 1.22559
1.0752 2.82617
1.97266 2.52734
1.19727 3.19336
2.62695 1.53906
1.72363 1.91211
2.29297 1.8584
1.79297 2.5293
2.32617 1.80078
1.71289 2.23828
2.57031 1.66406
2.7207 1.02734
1.96191 2.38867
2.41992 1.60254
1.89551 2.41016
2.50195 1.62988
2.36914 1.75586
1.97949 1.80371
1.24316 2.85352
1.39355 3.08789
1.87695 2.08008
2.96289 1.47559
1.71094 2.51758
3.03125 1.48047
2.34961 1.97656
2.75977 1.05664
2.83594 1.08984
3.24023 1.11035
2.74805 1.1748
2.82422 1.20801
2.80664 1.03809
1.17285 2.73828
2.77344 1.25586
2.19531 1.80859
1.7207 2.18945
2.50195 1.16895
2.80469 1.25488
2.88477 1.15039
2.0293 2.36328
1.35547 2.77344
1.1416 3.25977
2.50586 1.58789
2.7832 1.39941
1.37695 2.47852
1.55176 2.37891
2.23242 1.95215
1.43164 2.72656
2.89648 1.35059
1.19531 2.98047
2.06641 2.20898
2.18164 1.66602
1.85547 1.9248
1.9043 1.8457
2.29492 1.57715
2.38477 1.48047
1.70801 2.49023
1.53809 2.26172
2.14844 2.05664
1.47754 2.75781
3.0293 1.05762
1.69629 2.49219
1.6123 2.55078
2.05664 1.61523
2.59375 1.47559
2.74023 1.33398
2.02148 2.11133
2.63281 1.18652
3.04297 1.21973
1.06836 3.125
1.23438 2.36523
1.70605 2.36523
1.32715 2.72852
2.01953 1.63477
3.11914 1.03125
2.31641 1.45703
1.02637 2.99609
1.78223 2.35547
2.77734 1.27441
2.50781 1.66992
2.74023 1.18652
2.00781 1.94727
1.60547 2.71289
2.78125 1.31836
2.85742 1.24414
2.4043 1.74902
2.33203 1.90234
1.05469 3.05664
1.64648 2.05664
2.16797 1.80469
1.95215 2.19336
2.52344 1.50098
2.67773 1.33398
2.12305 2.14844
1.04492 2.98047
1.37695 2.87109
1.27344 2.4043
2.50781 1.81543
1.86914 2.21094
2.53906 1.14746
2.60352 1.23047
3.14648 1.08594
1.50586 2.49023
1.74707 2.27734
2.1543 1.78711
1.44531 2.76758
2.63281 1.35547
1.52051 2.83594
2.11133 2
1.7793 2.47266
2.31836 1.93457
1.86035 1.91016
2.25391 1.79297
2.17188 1.80371
2.06836 2.14258
1.62012 2.54492
2.36719 1.72754
1.46875 2.44141
1.02539 3.12891
1.29492 2.59961
3.32227 1.13184
1.4209 2.75977
1.86621 2.38281
2.51367 1.86328
1.82227 2.6582
1.87012 2.33789
2.25195 2.16016
